$ANSIBLE_VAULT;1.1;AES256
64346665363039613531393836353536323339653561323462316638646461366634393434613032
3535383039333733666337396630656134343832313739650a346266666665623732326634303965
63336364646465396234623230373762653536663433313661386233326536663634303461626665
3933376261643332390a373630623337363566356231396437326561323361383866383666363362
32653937373737396139666430336238363635386664366136346261303661626337656339646433
62313538353536303061386533613339356161313638353534363630353464373665623761653365
66393666633435333336636165393535663834633935336333386238326666636163306139663064
62363466336238653133326362313335623362373436613438633838623239363463653336366632
63306561666263346533393834353439336564346662643236323230333036323135356338313832
33393935653866356235333731313432313831343435343039316264306132666331383739306664
64623766306130313935636230363635366631623630333534343965396130383430333065623732
34353530353833666139616562666465373136653066386436363962373839326431663763313261
32373535383161366432656162336561666661303334356431653432653233336638616335323865
35346365663232383139366630396131636635313230306461323161613836613432366631353866
35646530383534323338363639313231306264633739363632356137376166663630646539336533
33303961396563313038626239303537373861373062373333626265646630646262306564396131
65636562616265613366303435643331646139633830356364623966633065353466633738616339
37303164663437373663313737303866663235613965313061376435656131376337386465313035
66303132663832323964616564336536626364386431356561316338323761623161666161323636
62393239373331313237663831376334653232613362623062323131393138373563663239326430
35343162643439376231353433636631303637383761643964313466373463346662333834333461
66643936363766393031633136616334323430616339386336633038396639346638656561663963
62633334636566663561313338396661373332653034336136313938653866636434636134663339
33653838336362666439653866353666613065396466623232383561323839653730313263373839
35333763656164303730653238613165353866393333653262333033393365353265363363303462
31313062613263323338616332303931666538383530633662646434626338356630653262626237
37626235623962326433363233376138383566356632353937353435363766356637346534616163
61346434633862383632633031313761316633376663396233386264663465633831356264343531
63303461353536626231633063393132613031373537373638313162373331633437626337343631
64383661383763363838366537396564373338316265656138636163653038373161656366356366
36366331333039633065356366623661306531666361656439636531386539363631316561326434
36383237636335633634653861353331383838616437363931316237663537383630623330343730
61336431303432366534666535636361633132623462643430623061653238323061663765623231
3666336135343765633237313262336639336639626331663034
